4294967278,15
4294967278,14
4294967278,13
4294967278,12
4294967278,11
4294967278,10
4294967278,9
4294967278,8
4294967278,7
4294967278,6
4294967278,5
4294967278,4
4294967278,148
27,7
27,6
4294967278,38
4294967278,37
4294967278,36
4294967278,35
4294967278,34
4294967278,33
4294967278,32
4294967278,31
4294967278,30
4294967278,29
4294967278,28
4294967278,27
4294967278,26
4294967278,25
4294967278,24
4294967278,23
4294967278,22
4294967278,21
4294967278,20
4294967278,19
4294967278,18
4294967278,17
4294967278,16
4294967279,24
4294967279,23
4294967279,22
4294967279,20
4294967279,19
4294967279,18
4294967279,17
4294967279,16
4294967279,15
4294967279,11
4294967294,470
4294967294,50
4294967294,419
4294967294,51
4294967294,52
4294967294,127
4294967294,18
4294967294,82
4294967294,1282
4294967294,83
4294967294,7
4294967279,146
4294967278,132
4294967278,131
4294967278,130
4294967278,129
4294967278,128
4294967278,127
4294967278,126
4294967278,125
4294967278,124
4294967278,123
4294967278,122
4294967278,121
4294967278,120
4294967278,119
4294967278,118
4294967278,117
4294967278,116
4294967278,115
4294967278,114
4294967278,113
4294967278,112
4294967278,111
4294967278,110
4294967278,109
4294967278,108
4294967278,107
4294967278,106
4294967278,105
4294967278,104
4294967278,103
4294967278,102
4294967278,101
4294967278,100
4294967278,99
4294967278,98
4294967278,97
4294967278,96
4294967278,95
4294967278,94
4294967278,93
4294967278,92
4294967278,91
4294967278,90
4294967278,89
4294967278,87
4294967278,86
4294967278,85
4294967278,84
4294967278,83
4294967278,82
4294967278,81
4294967278,80
4294967278,79
4294967278,78
4294967278,77
4294967278,76
4294967278,75
4294967278,74
4294967278,73
4294967278,72
4294967278,71
4294967278,70
4294967278,69
4294967278,68
4294967278,67
4294967278,66
4294967278,65
4294967278,64
4294967278,63
4294967278,62
4294967278,61
4294967278,60
4294967278,59
4294967278,58
4294967278,57
4294967278,56
4294967278,55
4294967278,54
4294967278,53
4294967278,52
4294967278,51
4294967278,50
4294967278,49
4294967278,48
4294967278,47
4294967278,46
4294967278,45
4294967278,44
4294967278,43
4294967278,42
4294967278,41
4294967278,40
4294967278,39
4294967279,12
4294967279,10
4294967279,9
4294967279,8
4294967278,143
4294967278,142
4294967294,414
4294967294,179
4294967294,408
4294967294,157
4294967294,1280
4294967294,508
4294967294,176
4294967278,139
4294967279,277
4294967278,138
37,6
4294967278,284
4294967279,276
4294967279,135
4294967278,273
4294967278,133
4294967294,507
4294967279,21
4294967278,272
4294967278,352
4294967278,271
37,5
37,4
37,3
37,2
37,1
4294967278,280
4294967279,14
4294967279,285
4294967279,7
4294967279,13
4294967278,279
4294967279,284
4294967278,263
4294967279,264
4294967279,289
4294967279,261
4294967279,262
4294967279,6
4294967279,282
4294967279,5
4294967279,280
4294967294,403
4294967294,462
4294967294,111
4294967294,393
4294967279,4
4294967294,506
4294967279,523
4294967278,319
4294967279,551
4294967279,564
4294967279,256
4294967278,256
4294967279,319
4294967278,255
4294967278,251
4294967279,253
35,4
35,3
35,2
35,1
4294967278,252
4294967279,252
4294967294,126
4294967294,505
4294967278,249
4294967278,250
4294967278,247
4294967278,248
4294967278,245
4294967278,246
22,6
4294967279,246
4294967279,244
4294967278,240
4294967279,563
4294967279,240
4294967278,234
0,5
4294967279,231
4294967279,235
4294967279,233
4294967279,232
14,2
4294967278,224
4294967294,27
4294967278,227
4294967279,228
4294967294,504
4294967278,222
23,3
4294967294,22
4294967294,93
4294967294,95
4294967294,17
4294967294,99
4294967294,67
4294967294,41
4294967294,595
4294967294,187
4294967294,418
4294967294,108
4294967278,220
4294967294,43
4294967294,1086
4294967294,44
4294967294,19
4294967279,219
4294967294,25
4294967294,26
4294967294,12
4294967294,81
4294967294,61
4294967294,68
4294967294,11
4294967294,5
4294967278,315
2,2
4294967294,6
4294967294,431
4294967279,213
4294967279,562
7,3
4294967278,211
20,3
4294967294,503
4294967294,1154
4294967294,1163
4294967278,209
3,3
4294967278,347
4294967279,512
22,3
14,3
4294967278,206
4294967294,502
4294967278,205
4294967279,318
4294967278,311
4294967278,310
4294967279,316
23,5
23,4
4294967278,361
4294967279,315
7,2
4294967278,308
22,5
22,4
4294967278,360
4294967279,314
4294967279,197
4294967279,196
4294967279,195
4294967278,193
4294967279,194
4294967278,192
4294967279,193
4294967279,192
4294967278,190
4294967279,312
4294967278,189
4294967278,188
4294967279,189
4294967278,305
4294967279,188
4294967278,186
27,2
4294967278,185
4294967278,183
20,6
4294967279,183
20,5
20,4
4294967279,182
4294967278,180
4294967279,180
14,4
4294967279,560
4294967278,303
14,0
4294967279,304
4294967278,309
4294967278,301
4294967278,335
20,2
32,2
32,10
32,8
32,7
32,6
4294967279,170
4294967278,168
4294967279,169
32,5
14,19
14,18
